{
    "name": "FFA Small",
    "planets": [
        {
            "name": "Ylliax",
            "mass": 5000,
            "position_x": 11000,
            "position_y": -13500,
            "velocity_x": 131.3614959716797,
            "velocity_y": 107.03530883789062,
            "required_thrust_to_move": 3,
            "starting_planet": true,
            "planet": {
                "seed": 1372692736,
                "radius": 250,
                "heightRange": 50,
                "waterHeight": 0,
                "waterDepth": 50,
                "temperature": 0,
                "metalDensity": 25,
                "metalClusters": 25,
                "biomeScale": 50,
                "biome": "moon",
                "symmetryType": "terrain and CSG",
                "symmetricalMetal": true,
                "symmetricalStarts": true,
                "numArmies": 2,
                "landingZonesPerArmy": 0,
                "landingZoneSize": 0
            },
            "source": {
                "brushes": [
                    {
                        "weight": [
                            1,
                            1,
                            1,
                            1
                        ],
                        "spec": "/pa/terrain/desert/brushes/desert_plateau_10.json",
                        "proj": "BP_Bend",
                        "transform": [
                            -0.39744269847869873,
                            0.7430030703544617,
                            -0.538503110408783,
                            -138.70289611816406,
                            0.7430030703544617,
                            0.6049544215202332,
                            0.2863154709339142,
                            73.74662017822266,
                            0.538503110408783,
                            -0.2863154709339142,
                            -0.7924883365631104,
                            -204.12217712402344
                        ],
                        "op": "BO_Add",
                        "rotation": 6.452787748578714e-10,
                        "scale": [
                            1,
                            1,
                            1
                        ],
                        "height": 257.5711975097656,
                        "position": [
                            -138.702880859375,
                            73.74661254882812,
                            -204.1221923828125
                        ],
                        "weightHard": false,
                        "weightScale": [
                            1,
                            1,
                            1
                        ],
                        "mirrored": false,
                        "twinId": 3,
                        "flooded": false,
                        "pathable": false,
                        "mergeable": false,
                        "no_features": false
                    },
                    {
                        "weight": [
                            1,
                            1,
                            1,
                            1
                        ],
                        "spec": "/pa/terrain/desert/brushes/desert_plateau_10.json",
                        "proj": "BP_Bend",
                        "transform": [
                            -0.39744269847869873,
                            0.7430030703544617,
                            -0.538503110408783,
                            -138.70289611816406,
                            0.7430030703544617,
                            0.6049544215202332,
                            0.2863154709339142,
                            73.74662017822266,
                            -0.538503110408783,
                            0.2863154709339142,
                            0.7924883365631104,
                            204.12217712402344
                        ],
                        "op": "BO_Add",
                        "rotation": 6.452787748578714e-10,
                        "scale": [
                            1,
                            1,
                            1
                        ],
                        "height": 257.5711975097656,
                        "position": [
                            -138.702880859375,
                            73.74661254882812,
                            -204.1221923828125
                        ],
                        "weightHard": false,
                        "weightScale": [
                            1,
                            1,
                            1
                        ],
                        "mirrored": true,
                        "twinId": 3,
                        "flooded": false,
                        "pathable": false,
                        "mergeable": false,
                        "no_features": false
                    },
                    {
                        "weight": [
                            1,
                            1,
                            1,
                            1
                        ],
                        "spec": "/pa/terrain/desert/brushes/desert_plateau_10.json",
                        "proj": "BP_Bend",
                        "transform": [
                            0.061830222606658936,
                            0.8396467566490173,
                            -0.5396018624305725,
                            -142.07217407226562,
                            0.8396467566490173,
                            0.24852973222732544,
                            0.48293495178222656,
                            127.15229797363281,
                            0.5396018624305725,
                            -0.48293495178222656,
                            -0.6896400451660156,
                            -181.57583618164062
                        ],
                        "op": "BO_Add",
                        "rotation": 6.452787748578714e-10,
                        "scale": [
                            1,
                            1,
                            1
                        ],
                        "height": 263.2907409667969,
                        "position": [
                            -142.07220458984375,
                            127.15231323242188,
                            -181.57586669921875
                        ],
                        "weightHard": false,
                        "weightScale": [
                            1,
                            1,
                            1
                        ],
                        "mirrored": false,
                        "twinId": 4,
                        "flooded": false,
                        "pathable": false,
                        "mergeable": false,
                        "no_features": false
                    },
                    {
                        "weight": [
                            1,
                            1,
                            1,
                            1
                        ],
                        "spec": "/pa/terrain/desert/brushes/desert_plateau_10.json",
                        "proj": "BP_Bend",
                        "transform": [
                            0.061830222606658936,
                            0.8396467566490173,
                            -0.5396018624305725,
                            -142.07217407226562,
                            0.8396467566490173,
                            0.24852973222732544,
                            0.48293495178222656,
                            127.15230560302734,
                            -0.5396018624305725,
                            0.48293495178222656,
                            0.6896400451660156,
                            181.57583618164062
                        ],
                        "op": "BO_Add",
                        "rotation": 6.452787748578714e-10,
                        "scale": [
                            1,
                            1,
                            1
                        ],
                        "height": 263.2907409667969,
                        "position": [
                            -142.07220458984375,
                            127.15231323242188,
                            -181.57586669921875
                        ],
                        "weightHard": false,
                        "weightScale": [
                            1,
                            1,
                            1
                        ],
                        "mirrored": true,
                        "twinId": 4,
                        "flooded": false,
                        "pathable": false,
                        "mergeable": false,
                        "no_features": false
                    },
                    {
                        "weight": [
                            1,
                            1,
                            1,
                            1
                        ],
                        "spec": "/pa/terrain/desert/brushes/desert_plateau_10.json",
                        "proj": "BP_Bend",
                        "transform": [
                            -0.3103863000869751,
                            0.6944459676742554,
                            -0.6491574645042419,
                            -170.66714477539062,
                            0.6944459676742554,
                            0.6319748163223267,
                            0.3440243601799011,
                            90.44593048095703,
                            0.6491574645042419,
                            -0.3440243601799011,
                            -0.6784114837646484,
                            -178.35818481445312
                        ],
                        "op": "BO_Add",
                        "rotation": 6.452787748578714e-10,
                        "scale": [
                            1,
                            1,
                            1
                        ],
                        "height": 262.9056091308594,
                        "position": [
                            -170.6671142578125,
                            90.4459228515625,
                            -178.358154296875
                        ],
                        "weightHard": false,
                        "weightScale": [
                            1,
                            1,
                            1
                        ],
                        "mirrored": false,
                        "twinId": 5,
                        "flooded": false,
                        "pathable": false,
                        "mergeable": false,
                        "no_features": false
                    },
                    {
                        "weight": [
                            1,
                            1,
                            1,
                            1
                        ],
                        "spec": "/pa/terrain/desert/brushes/desert_plateau_10.json",
                        "proj": "BP_Bend",
                        "transform": [
                            -0.3103863000869751,
                            0.6944459676742554,
                            -0.6491574645042419,
                            -170.66714477539062,
                            0.6944459676742554,
                            0.6319748163223267,
                            0.3440243601799011,
                            90.44593048095703,
                            -0.6491574645042419,
                            0.3440243601799011,
                            0.6784114837646484,
                            178.35816955566406
                        ],
                        "op": "BO_Add",
                        "rotation": 6.452787748578714e-10,
                        "scale": [
                            1,
                            1,
                            1
                        ],
                        "height": 262.9056091308594,
                        "position": [
                            -170.6671142578125,
                            90.4459228515625,
                            -178.358154296875
                        ],
                        "weightHard": false,
                        "weightScale": [
                            1,
                            1,
                            1
                        ],
                        "mirrored": true,
                        "twinId": 5,
                        "flooded": false,
                        "pathable": false,
                        "mergeable": false,
                        "no_features": false
                    },
                    {
                        "weight": [
                            1,
                            1,
                            1,
                            1
                        ],
                        "spec": "/pa/terrain/desert/brushes/desert_plateau_09.json",
                        "proj": "BP_Bend",
                        "transform": [
                            -0.6389989852905273,
                            0.3963848948478699,
                            -0.6592110991477966,
                            -170.92498779296875,
                            0.39642947912216187,
                            0.9041252732276917,
                            0.15937766432762146,
                            41.3245849609375,
                            0.6591842770576477,
                            -0.15948854386806488,
                            -0.7348737716674805,
                            -190.5433349609375
                        ],
                        "op": "BO_Add",
                        "rotation": 0.0001682022848399356,
                        "scale": [
                            1,
                            1,
                            1
                        ],
                        "height": 259.28717041015625,
                        "position": [
                            -170.92498779296875,
                            41.3245849609375,
                            -190.5433349609375
                        ],
                        "weightHard": false,
                        "weightScale": [
                            1,
                            1,
                            1
                        ],
                        "mirrored": false,
                        "twinId": 6,
                        "flooded": false,
                        "pathable": false,
                        "mergeable": false,
                        "no_features": false
                    },
                    {
                        "weight": [
                            1,
                            1,
                            1,
                            1
                        ],
                        "spec": "/pa/terrain/desert/brushes/desert_plateau_09.json",
                        "proj": "BP_Bend",
                        "transform": [
                            -0.6389989852905273,
                            0.3963848948478699,
                            -0.6592110991477966,
                            -170.92498779296875,
                            0.39642947912216187,
                            0.9041252732276917,
                            0.15937766432762146,
                            41.3245849609375,
                            -0.6591842770576477,
                            0.15948854386806488,
                            0.7348737716674805,
                            190.5433349609375
                        ],
                        "op": "BO_Add",
                        "rotation": 0.0001682022848399356,
                        "scale": [
                            1,
                            1,
                            1
                        ],
                        "height": 259.28717041015625,
                        "position": [
                            -170.92498779296875,
                            41.3245849609375,
                            -190.5433349609375
                        ],
                        "weightHard": false,
                        "weightScale": [
                            1,
                            1,
                            1
                        ],
                        "mirrored": true,
                        "twinId": 6,
                        "flooded": false,
                        "pathable": false,
                        "mergeable": false,
                        "no_features": false
                    },
                    {
                        "weight": [
                            1,
                            1,
                            1,
                            1
                        ],
                        "spec": "/pa/terrain/desert/brushes/desert_plateau_11.json",
                        "proj": "BP_Bend",
                        "transform": [
                            -0.6718690395355225,
                            0.12561695277690887,
                            -0.7299401164054871,
                            -190.2258758544922,
                            0.12561695277690887,
                            0.9905616641044617,
                            0.05484451726078987,
                            14.292742729187012,
                            0.7299401164054871,
                            -0.05484452098608017,
                            -0.681307315826416,
                            -177.55194091796875
                        ],
                        "op": "BO_Add",
                        "rotation": 2.5811150994314858e-9,
                        "scale": [
                            1,
                            1,
                            1
                        ],
                        "height": 260.6047668457031,
                        "position": [
                            -190.225830078125,
                            14.292739868164062,
                            -177.55194091796875
                        ],
                        "weightHard": false,
                        "weightScale": [
                            1,
                            1,
                            1
                        ],
                        "mirrored": false,
                        "twinId": 7,
                        "flooded": false,
                        "pathable": false,
                        "mergeable": false,
                        "no_features": false
                    },
                    {
                        "weight": [
                            1,
                            1,
                            1,
                            1
                        ],
                        "spec": "/pa/terrain/desert/brushes/desert_plateau_11.json",
                        "proj": "BP_Bend",
                        "transform": [
                            -0.6718690395355225,
                            0.12561695277690887,
                            -0.7299401164054871,
                            -190.22586059570312,
                            0.12561695277690887,
                            0.9905616641044617,
                            0.05484451726078987,
                            14.292742729187012,
                            -0.7299401164054871,
                            0.05484452098608017,
                            0.681307315826416,
                            177.55194091796875
                        ],
                        "op": "BO_Add",
                        "rotation": 2.5811150994314858e-9,
                        "scale": [
                            1,
                            1,
                            1
                        ],
                        "height": 260.6047668457031,
                        "position": [
                            -190.225830078125,
                            14.292739868164062,
                            -177.55194091796875
                        ],
                        "weightHard": false,
                        "weightScale": [
                            1,
                            1,
                            1
                        ],
                        "mirrored": true,
                        "twinId": 7,
                        "flooded": false,
                        "pathable": false,
                        "mergeable": false,
                        "no_features": false
                    },
                    {
                        "weight": [
                            1,
                            1,
                            1,
                            1
                        ],
                        "spec": "/pa/terrain/desert/brushes/desert_plateau_11.json",
                        "proj": "BP_Bend",
                        "transform": [
                            -0.4900033473968506,
                            -0.27029654383659363,
                            -0.8287560343742371,
                            -216.15744018554688,
                            -0.27029654383659363,
                            0.9509664177894592,
                            -0.15034186840057373,
                            -39.21240234375,
                            0.8287560343742371,
                            0.15034186840057373,
                            -0.5390369892120361,
                            -140.59246826171875
                        ],
                        "op": "BO_Add",
                        "rotation": 2.5811150994314858e-9,
                        "scale": [
                            1,
                            1,
                            1
                        ],
                        "height": 260.8215637207031,
                        "position": [
                            -216.15740966796875,
                            -39.21239471435547,
                            -140.59246826171875
                        ],
                        "weightHard": false,
                        "weightScale": [
                            1,
                            1,
                            1
                        ],
                        "mirrored": false,
                        "twinId": 8,
                        "flooded": false,
                        "pathable": false,
                        "mergeable": false,
                        "no_features": false
                    },
                    {
                        "weight": [
                            1,
                            1,
                            1,
                            1
                        ],
                        "spec": "/pa/terrain/desert/brushes/desert_plateau_11.json",
                        "proj": "BP_Bend",
                        "transform": [
                            -0.4900033473968506,
                            -0.27029654383659363,
                            -0.8287560343742371,
                            -216.1574249267578,
                            -0.27029654383659363,
                            0.9509664177894592,
                            -0.15034186840057373,
                            -39.21240234375,
                            -0.8287560343742371,
                            -0.15034186840057373,
                            0.5390369892120361,
                            140.59246826171875
                        ],
                        "op": "BO_Add",
                        "rotation": 2.5811150994314858e-9,
                        "scale": [
                            1,
                            1,
                            1
                        ],
                        "height": 260.8215637207031,
                        "position": [
                            -216.15740966796875,
                            -39.21239471435547,
                            -140.59246826171875
                        ],
                        "weightHard": false,
                        "weightScale": [
                            1,
                            1,
                            1
                        ],
                        "mirrored": true,
                        "twinId": 8,
                        "flooded": false,
                        "pathable": false,
                        "mergeable": false,
                        "no_features": false
                    },
                    {
                        "weight": [
                            1,
                            1,
                            1,
                            1
                        ],
                        "spec": "/pa/terrain/desert/brushes/desert_crack_09.json",
                        "proj": "BP_Bend",
                        "transform": [
                            -0.3592260479927063,
                            0.41691455245018005,
                            -0.8349483013153076,
                            -225.44053649902344,
                            0.060861736536026,
                            0.9032279253005981,
                            0.42482349276542664,
                            114.70462799072266,
                            -0.9312637448310852,
                            -0.10179126262664795,
                            0.34983718395233154,
                            94.45791625976562
                        ],
                        "op": "BO_Subtract",
                        "rotation": 7.555079392772122e+31,
                        "scale": [
                            1,
                            1,
                            1
                        ],
                        "height": 270.00537109375,
                        "position": [
                            -225.4405517578125,
                            114.70464324951172,
                            -94.45794677734375
                        ],
                        "weightHard": false,
                        "weightScale": [
                            1,
                            1,
                            1
                        ],
                        "mirrored": true,
                        "twinId": 9,
                        "flooded": false,
                        "pathable": false,
                        "mergeable": false,
                        "no_features": true
                    },
                    {
                        "weight": [
                            1,
                            1,
                            1,
                            1
                        ],
                        "spec": "/pa/terrain/desert/brushes/desert_plateau_12.json",
                        "proj": "BP_Bend",
                        "transform": [
                            -0.22162103652954102,
                            -0.2965560257434845,
                            -0.928945004940033,
                            -236.64773559570312,
                            -0.2965560257434845,
                            0.9280092120170593,
                            -0.22550711035728455,
                            -57.44769287109375,
                            0.928945004940033,
                            0.22550709545612335,
                            -0.29361188411712646,
                            -74.79730987548828
                        ],
                        "op": "BO_Add",
                        "rotation": 1.0324460397725943e-8,
                        "scale": [
                            1,
                            1,
                            1
                        ],
                        "height": 254.74891662597656,
                        "position": [
                            -236.647705078125,
                            -57.44768524169922,
                            -74.79727935791016
                        ],
                        "weightHard": false,
                        "weightScale": [
                            1,
                            1,
                            1
                        ],
                        "mirrored": false,
                        "twinId": 10,
                        "flooded": false,
                        "pathable": true,
                        "mergeable": false,
                        "no_features": false
                    },
                    {
                        "weight": [
                            1,
                            1,
                            1,
                            1
                        ],
                        "spec": "/pa/terrain/desert/brushes/desert_plateau_12.json",
                        "proj": "BP_Bend",
                        "transform": [
                            -0.22162103652954102,
                            -0.2965560257434845,
                            -0.928945004940033,
                            -236.6477508544922,
                            -0.2965560257434845,
                            0.9280092120170593,
                            -0.22550711035728455,
                            -57.447696685791016,
                            -0.928945004940033,
                            -0.22550709545612335,
                            0.29361188411712646,
                            74.79730987548828
                        ],
                        "op": "BO_Add",
                        "rotation": 1.0324460397725943e-8,
                        "scale": [
                            1,
                            1,
                            1
                        ],
                        "height": 254.74891662597656,
                        "position": [
                            -236.647705078125,
                            -57.44768524169922,
                            -74.79727935791016
                        ],
                        "weightHard": false,
                        "weightScale": [
                            1,
                            1,
                            1
                        ],
                        "mirrored": true,
                        "twinId": 10,
                        "flooded": false,
                        "pathable": true,
                        "mergeable": false,
                        "no_features": false
                    },
                    {
                        "weight": [
                            1,
                            1,
                            1,
                            1
                        ],
                        "spec": "/pa/terrain/desert/brushes/desert_plateau_08.json",
                        "proj": "BP_Bend",
                        "transform": [
                            -0.035355664789676666,
                            -0.3906462490558624,
                            -0.9198616743087769,
                            -231.8526611328125,
                            -0.3906118869781494,
                            0.8526197075843811,
                            -0.3470764458179474,
                            -87.48119354248047,
                            0.9198762774467468,
                            0.34703776240348816,
                            -0.18273603916168213,
                            -46.058921813964844
                        ],
                        "op": "BO_Add",
                        "rotation": 0.0000420505712099839,
                        "scale": [
                            1,
                            1,
                            1
                        ],
                        "height": 252.05166625976562,
                        "position": [
                            -231.8526611328125,
                            -87.481201171875,
                            -46.05890655517578
                        ],
                        "weightHard": false,
                        "weightScale": [
                            1,
                            1,
                            1
                        ],
                        "mirrored": false,
                        "twinId": 11,
                        "flooded": false,
                        "pathable": false,
                        "mergeable": false,
                        "no_features": false
                    },
                    {
                        "weight": [
                            1,
                            1,
                            1,
                            1
                        ],
                        "spec": "/pa/terrain/desert/brushes/desert_plateau_08.json",
                        "proj": "BP_Bend",
                        "transform": [
                            -0.035355664789676666,
                            -0.3906462490558624,
                            -0.9198616743087769,
                            -231.8526611328125,
                            -0.3906118869781494,
                            0.8526197075843811,
                            -0.3470764458179474,
                            -87.48119354248047,
                            -0.9198762774467468,
                            -0.34703776240348816,
                            0.18273603916168213,
                            46.058921813964844
                        ],
                        "op": "BO_Add",
                        "rotation": 0.0000420505712099839,
                        "scale": [
                            1,
                            1,
                            1
                        ],
                        "height": 252.05166625976562,
                        "position": [
                            -231.8526611328125,
                            -87.481201171875,
                            -46.05890655517578
                        ],
                        "weightHard": false,
                        "weightScale": [
                            1,
                            1,
                            1
                        ],
                        "mirrored": true,
                        "twinId": 11,
                        "flooded": false,
                        "pathable": false,
                        "mergeable": false,
                        "no_features": false
                    },
                    {
                        "weight": [
                            1,
                            1,
                            1,
                            1
                        ],
                        "spec": "/pa/terrain/desert/brushes/desert_plateau_11.json",
                        "proj": "BP_Bend",
                        "transform": [
                            0.8732286691665649,
                            0.17327336966991425,
                            -0.45546460151672363,
                            -120.25330352783203,
                            0.17327336966991425,
                            0.7631667852401733,
                            0.6225374341011047,
                            164.36444091796875,
                            0.45546460151672363,
                            -0.6225374341011047,
                            0.6363954544067383,
                            168.0232696533203
                        ],
                        "op": "BO_Add",
                        "rotation": 2.5811150994314858e-9,
                        "scale": [
                            1,
                            1,
                            1
                        ],
                        "height": 264.02337646484375,
                        "position": [
                            -120.2532958984375,
                            164.36444091796875,
                            168.0232696533203
                        ],
                        "weightHard": false,
                        "weightScale": [
                            1,
                            1,
                            1
                        ],
                        "mirrored": false,
                        "twinId": 12,
                        "flooded": false,
                        "pathable": false,
                        "mergeable": false,
                        "no_features": false
                    },
                    {
                        "weight": [
                            1,
                            1,
                            1,
                            1
                        ],
                        "spec": "/pa/terrain/desert/brushes/desert_plateau_11.json",
                        "proj": "BP_Bend",
                        "transform": [
                            0.8732286691665649,
                            0.17327336966991425,
                            -0.45546460151672363,
                            -120.25330352783203,
                            0.17327336966991425,
                            0.7631667852401733,
                            0.6225374341011047,
                            164.36444091796875,
                            -0.45546460151672363,
                            0.6225374341011047,
                            -0.6363954544067383,
                            -168.0232696533203
                        ],
                        "op": "BO_Add",
                        "rotation": 2.5811150994314858e-9,
                        "scale": [
                            1,
                            1,
                            1
                        ],
                        "height": 264.02337646484375,
                        "position": [
                            -120.2532958984375,
                            164.36444091796875,
                            168.0232696533203
                        ],
                        "weightHard": false,
                        "weightScale": [
                            1,
                            1,
                            1
                        ],
                        "mirrored": true,
                        "twinId": 12,
                        "flooded": false,
                        "pathable": false,
                        "mergeable": false,
                        "no_features": false
                    },
                    {
                        "weight": [
                            1,
                            1,
                            1,
                            1
                        ],
                        "spec": "/pa/terrain/desert/brushes/desert_plateau_10.json",
                        "proj": "BP_Bend",
                        "transform": [
                            0.9115327596664429,
                            0.19126179814338684,
                            -0.36404258012771606,
                            -94.80907440185547,
                            0.19126179814338684,
                            0.5865015983581543,
                            0.7870417833328247,
                            204.9724578857422,
                            0.36404258012771606,
                            -0.7870417833328247,
                            0.4980342984199524,
                            129.705078125
                        ],
                        "op": "BO_Add",
                        "rotation": 6.452787748578714e-10,
                        "scale": [
                            1,
                            1,
                            1
                        ],
                        "height": 260.43402099609375,
                        "position": [
