{
    "name": "PAX Earth 2016",
    "planets": [
        {
            "name": "Earth",
            "mass": 49999,
            "position_x": 62900,
            "position_y": -29900,
            "velocity_x": 36.376564025878906,
            "velocity_y": 76.52461242675781,
            "required_thrust_to_move": 0,
            "starting_planet": false,
            "planet": {
                "seed": 894731456,
                "radius": 600,
                "heightRange": 0,
                "waterHeight": 0,
                "waterDepth": 50,
                "temperature": 50,
                "metalDensity": 0,
                "metalClusters": 0,
                "biomeScale": 100.00000013739177,
                "biome": "gas",
                "symmetryType": "none",
                "symmetricalMetal": false,
                "symmetricalStarts": false,
                "numArmies": 2,
                "landingZonesPerArmy": 0,
                "landingZoneSize": 0
            }
        },
        {
            "name": "Earth",
            "mass": 10000,
            "position_x": 68400,
            "position_y": -25300.001953125,
            "velocity_x": -83.41817474365234,
            "velocity_y": 219.7574920654297,
            "required_thrust_to_move": 4,
            "starting_planet": false,
            "planet": {
                "seed": 1829831680,
                "radius": 500,
                "heightRange": 0,
                "waterHeight": 0,
                "waterDepth": 50,
                "temperature": 50,
                "metalDensity": 30.000001907348633,
                "metalClusters": 30.000001907348633,
                "biomeScale": 50,
                "biome": "metal",
                "symmetryType": "none",
                "symmetricalMetal": false,
                "symmetricalStarts": false,
                "numArmies": 2,
                "landingZonesPerArmy": 0,
                "landingZoneSize": 0
            }
        },
        {
            "name": "Earth",
            "mass": 10000,
            "position_x": 65500.015625,
            "position_y": -27899.9921875,
            "velocity_x": -131.94305419921875,
            "velocity_y": 295.340576171875,
            "required_thrust_to_move": 4,
            "starting_planet": true,
            "planet": {
                "seed": 217132720,
                "radius": 500,
                "heightRange": 35,
                "waterHeight": 34,
                "waterDepth": 50,
                "temperature": 0,
                "metalDensity": 70,
                "metalClusters": 70,
                "biomeScale": 50,
                "biome": "earth",
                "symmetryType": "none",
                "symmetricalMetal": false,
                "symmetricalStarts": false,
                "numArmies": 2,
                "landingZonesPerArmy": 3,
                "landingZoneSize": 50
            }
        },
        {
            "name": "Earth",
            "mass": 10000,
            "position_x": 66700.015625,
            "position_y": -26599.9921875,
            "velocity_x": 182.51083374023438,
            "velocity_y": -91.75149536132812,
            "required_thrust_to_move": 4,
            "starting_planet": true,
            "planet": {
                "seed": 653016256,
                "radius": 500,
                "heightRange": 50,
                "waterHeight": 0,
                "waterDepth": 50,
                "temperature": 0,
                "metalDensity": 70,
                "metalClusters": 70,
                "biomeScale": 50,
                "biome": "moon",
                "symmetryType": "none",
                "symmetricalMetal": false,
                "symmetricalStarts": false,
                "numArmies": 2,
                "landingZonesPerArmy": 3,
                "landingZoneSize": 50
            }
        },
        {
            "name": "Earth",
            "mass": 5000,
            "position_x": 15900.005859375,
            "position_y": 1599.9970703125,
            "velocity_x": -17.7103328704834,
            "velocity_y": 175.99673461914062,
            "required_thrust_to_move": 4,
            "starting_planet": false,
            "planet": {
                "seed": 1550147328,
                "radius": 250,
                "heightRange": 200,
                "waterHeight": 30.000001907348633,
                "waterDepth": 50,
                "temperature": 0,
                "metalDensity": 25,
                "metalClusters": 25,
                "biomeScale": 50,
                "biome": "desert",
                "symmetryType": "none",
                "symmetricalMetal": false,
                "symmetricalStarts": false,
                "numArmies": 2,
                "landingZonesPerArmy": 0,
                "landingZoneSize": 0
            },
            "source": {
                "brushes": [
                    {
                        "weight": [
                            1,
                            1,
                            1,
                            1
                        ],
                        "spec": "/pa/terrain/desert/brushes/desert_plateau_10.json",
                        "proj": "BP_Bend",
                        "transform": [
                            0.13739794492721558,
                            -0.356484979391098,
                            -0.9241430759429932,
                            -234.69007873535156,
                            -0.356484979391098,
                            0.852676510810852,
                            -0.3819178640842438,
                            -96.98966979980469,
                            0.9241430759429932,
                            0.3819178640842438,
                            -0.009925603866577148,
                            -2.5206494331359863
                        ],
                        "op": "BO_Add",
                        "rotation": 6.452787748578714e-10,
                        "scale": [
                            1,
                            1,
                            1
                        ],
                        "height": 253.9542694091797,
                        "position": [
                            -234.6900634765625,
                            -96.98966979980469,
                            -2.520599365234375
                        ],
                        "weightHard": false,
                        "weightScale": [
                            1,
                            1,
                            1
                        ],
                        "mirrored": false,
                        "twinId": 0,
                        "flooded": false,
                        "pathable": false,
                        "mergeable": false,
                        "no_features": false,
                        "biomeColor": [
                            0,
                            0,
                            0,
                            1
                        ]
                    },
                    {
                        "weight": [
                            1,
                            1,
                            1,
                            1
                        ],
                        "spec": "/pa/terrain/desert/brushes/desert_plateau_10.json",
                        "proj": "BP_Bend",
                        "transform": [
                            -0.0016914604930207133,
                            0.13211150467395782,
                            -0.9912334084510803,
                            -242.2239990234375,
                            0.13211150467395782,
                            0.9825760126113892,
                            0.1307322084903717,
                            31.94654083251953,
                            0.9912334084510803,
                            -0.1307322084903717,
                            -0.019115447998046875,
                            -4.671170234680176
                        ],
                        "op": "BO_Add",
                        "rotation": 6.452787748578714e-10,
                        "scale": [
                            1,
                            1,
                            1
                        ],
                        "height": 244.3662567138672,
                        "position": [
                            -242.2239990234375,
                            31.94654083251953,
                            -4.671173095703125
                        ],
                        "weightHard": false,
                        "weightScale": [
                            1,
                            1,
                            1
                        ],
                        "mirrored": false,
                        "twinId": 0,
                        "flooded": false,
                        "pathable": false,
                        "mergeable": false,
                        "no_features": false,
                        "biomeColor": [
                            0,
                            0,
                            0,
                            1
                        ]
                    },
                    {
                        "weight": [
                            1,
                            1,
                            1,
                            1
                        ],
                        "spec": "/pa/terrain/desert/brushes/desert_plateau_01.json",
                        "proj": "BP_Bend",
                        "transform": [
                            0.7340607047080994,
                            -0.26339027285575867,
                            -0.625923752784729,
                            -146.34457397460938,
                            -0.26339027285575867,
                            0.7391343116760254,
                            -0.6199242472648621,
                            -144.9418487548828,
                            0.625923752784729,
                            0.6199242472648621,
                            0.47319507598876953,
                            110.63572692871094
                        ],
                        "op": "BO_Add",
                        "rotation": 2.566563184203119e-9,
                        "scale": [
                            1,
                            1,
                            1
                        ],
                        "height": 233.8057403564453,
                        "position": [
                            -146.34454345703125,
                            -144.94183349609375,
                            110.63571166992188
                        ],
                        "weightHard": false,
                        "weightScale": [
                            1,
                            1,
                            1
                        ],
                        "mirrored": false,
                        "twinId": 0,
                        "flooded": false,
                        "pathable": false,
                        "mergeable": false,
                        "no_features": false,
                        "biomeColor": [
                            0,
                            0,
                            0,
                            1
                        ]
                    },
                    {
                        "weight": [
                            1,
                            1,
                            1,
                            1
                        ],
                        "spec": "/pa/terrain/desert/brushes/desert_plateau_01.json",
                        "proj": "BP_Bend",
                        "transform": [
                            0.7608433961868286,
                            -0.21448412537574768,
                            -0.6124653816223145,
                            -135.7008056640625,
                            -0.21448412537574768,
                            0.8076429963111877,
                            -0.5492807626724243,
                            -121.70130920410156,
                            0.6124653816223145,
                            0.5492807626724243,
                            0.5684864521026611,
                            125.95661163330078
                        ],
                        "op": "BO_Add",
                        "rotation": 2.566563184203119e-9,
                        "scale": [
                            1,
                            1,
                            1
                        ],
                        "height": 221.56484985351562,
                        "position": [
                            -135.7008056640625,
                            -121.7012939453125,
                            125.95660400390625
                        ],
                        "weightHard": false,
                        "weightScale": [
                            1,
                            1,
                            1
                        ],
                        "mirrored": false,
                        "twinId": 0,
                        "flooded": false,
                        "pathable": false,
                        "mergeable": false,
                        "no_features": false,
                        "biomeColor": [
                            0,
                            0,
                            0,
                            1
                        ]
                    },
                    {
                        "weight": [
                            1,
                            1,
                            1,
                            1
                        ],
                        "spec": "/pa/terrain/desert/brushes/desert_plateau_01.json",
                        "proj": "BP_Bend",
                        "transform": [
                            0.7492071986198425,
                            -0.16985374689102173,
                            -0.6401861310005188,
                            -143.95286560058594,
                            -0.16985374689102173,
                            0.8849636316299438,
                            -0.4335770606994629,
                            -97.49455261230469,
                            0.6401861310005188,
                            0.4335770606994629,
                            0.6341708302497864,
                            142.6002655029297
                        ],
                        "op": "BO_Add",
                        "rotation": 2.566563184203119e-9,
                        "scale": [
                            1,
                            1,
                            1
                        ],
                        "height": 224.8609619140625,
                        "position": [
                            -143.952880859375,
                            -97.49456787109375,
                            142.60025024414062
                        ],
                        "weightHard": false,
                        "weightScale": [
                            1,
                            1,
                            1
                        ],
                        "mirrored": false,
                        "twinId": 0,
                        "flooded": false,
                        "pathable": false,
                        "mergeable": false,
                        "no_features": false,
                        "biomeColor": [
                            0,
                            0,
                            0,
                            1
                        ]
                    },
                    {
                        "weight": [
                            1,
                            1,
                            1,
                            1
                        ],
                        "spec": "/pa/terrain/desert/brushes/desert_plateau_01.json",
                        "proj": "BP_Bend",
                        "transform": [
                            0.7298825979232788,
                            -0.1300361156463623,
                            -0.6710900664329529,
                            -156.0817108154297,
                            -0.1300361156463623,
                            0.9373998641967773,
                            -0.323066771030426,
                            -75.138671875,
                            0.6710900664329529,
                            0.323066771030426,
                            0.6672824621200562,
                            155.19613647460938
                        ],
                        "op": "BO_Add",
                        "rotation": 2.566563184203119e-9,
                        "scale": [
                            1,
                            1,
                            1
                        ],
                        "height": 232.57937622070312,
                        "position": [
                            -156.08172607421875,
                            -75.138671875,
                            155.19613647460938
                        ],
                        "weightHard": false,
                        "weightScale": [
                            1,
                            1,
                            1
                        ],
                        "mirrored": false,
                        "twinId": 0,
                        "flooded": false,
                        "pathable": false,
                        "mergeable": false,
                        "no_features": false,
                        "biomeColor": [
                            0,
                            0,
                            0,
                            1
                        ]
                    },
                    {
                        "weight": [
                            1,
                            1,
                            1,
                            1
                        ],
                        "spec": "/pa/terrain/desert/brushes/desert_plateau_01.json",
                        "proj": "BP_Bend",
                        "transform": [
                            0.7143588066101074,
                            -0.0926886722445488,
                            -0.6936138868331909,
                            -165.50531005859375,
                            -0.0926886722445488,
                            0.9699231386184692,
                            -0.22507314383983612,
                            -53.70538330078125,
                            0.6936138868331909,
                            0.22507314383983612,
                            0.6842819452285767,
                            163.27857971191406
                        ],
                        "op": "BO_Add",
                        "rotation": 2.566563184203119e-9,
                        "scale": [
                            1,
                            1,
                            1
                        ],
                        "height": 238.61302185058594,
                        "position": [
                            -165.50531005859375,
                            -53.70538330078125,
                            163.27859497070312
                        ],
                        "weightHard": false,
                        "weightScale": [
                            1,
                            1,
                            1
                        ],
                        "mirrored": false,
                        "twinId": 0,
                        "flooded": false,
                        "pathable": false,
                        "mergeable": false,
                        "no_features": false,
                        "biomeColor": [
                            0,
                            0,
                            0,
                            1
                        ]
                    },
                    {
                        "weight": [
                            1,
                            1,
                            1,
                            1
                        ],
                        "spec": "/pa/terrain/desert/brushes/desert_plateau_01.json",
                        "proj": "BP_Bend",
                        "transform": [
                            0.7001135349273682,
                            -0.0431378073990345,
                            -0.7127272486686707,
                            -172.324951171875,
                            -0.0431378036737442,
                            0.9937947392463684,
                            -0.10252377390861511,
                            -24.7884521484375,
                            0.7127272486686707,
                            0.10252377390861511,
                            0.6939082741737366,
                            167.7748565673828
                        ],
                        "op": "BO_Add",
                        "rotation": 2.566563184203119e-9,
                        "scale": [
                            1,
                            1,
                            1
                        ],
                        "height": 241.782470703125,
                        "position": [
                            -172.324951171875,
                            -24.7884521484375,
                            167.77487182617188
                        ],
                        "weightHard": false,
                        "weightScale": [
                            1,
                            1,
                            1
                        ],
                        "mirrored": false,
                        "twinId": 0,
                        "flooded": false,
                        "pathable": false,
                        "mergeable": false,
                        "no_features": false,
                        "biomeColor": [
                            0,
                            0,
                            0,
                            1
                        ]
                    },
                    {
                        "weight": [
                            1,
                            1,
                            1,
                            1
                        ],
                        "spec": "/pa/terrain/desert/brushes/desert_plateau_01.json",
                        "proj": "BP_Bend",
                        "transform": [
                            0.6900537014007568,
                            0.007312885485589504,
                            -0.7237212061882019,
                            -171.5753173828125,
                            0.007312890142202377,
                            0.9998274445533752,
                            0.017075514420866966,
                            4.04815673828125,
                            0.7237212061882019,
                            -0.017075516283512115,
                            0.6898812055587769,
                            163.55274963378906
                        ],
                        "op": "BO_Add",
                        "rotation": 2.566563184203119e-9,
                        "scale": [
                            1,
                            1,
                            1
                        ],
                        "height": 237.0737762451172,
                        "position": [
                            -171.5753173828125,
                            4.04815673828125,
                            163.552734375
                        ],
                        "weightHard": false,
                        "weightScale": [
                            1,
                            1,
                            1
                        ],
                        "mirrored": false,
                        "twinId": 0,
                        "flooded": false,
                        "pathable": false,
                        "mergeable": false,
                        "no_features": false,
                        "biomeColor": [
                            0,
                            0,
                            0,
                            1
                        ]
                    },
                    {
                        "weight": [
                            1,
                            1,
                            1,
                            1
                        ],
                        "spec": "/pa/terrain/desert/brushes/desert_plateau_01.json",
                        "proj": "BP_Bend",
                        "transform": [
                            0.684630811214447,
                            0.05838852748274803,
                            -0.7265475988388062,
                            -165.2314910888672,
                            0.05838853120803833,
                            0.9891897439956665,
                            0.13451549410820007,
                            30.591522216796875,
                            0.7265475988388062,
                            -0.13451549410820007,
                            0.6738205552101135,
                            153.2403106689453
                        ],
                        "op": "BO_Add",
                        "rotation": 2.566563184203119e-9,
                        "scale": [
                            1,
                            1,
                            1
                        ],
                        "height": 227.42005920410156,
                        "position": [
                            -165.23150634765625,
                            30.591522216796875,
                            153.24029541015625
                        ],
                        "weightHard": false,
                        "weightScale": [
                            1,
                            1,
                            1
                        ],
                        "mirrored": false,
                        "twinId": 0,
                        "flooded": false,
                        "pathable": false,
                        "mergeable": false,
                        "no_features": false,
                        "biomeColor": [
                            0,
                            0,
                            0,
                            1
                        ]
                    },
                    {
                        "weight": [
                            1,
                            1,
                            1,
                            1
                        ],
                        "spec": "/pa/terrain/desert/brushes/desert_plateau_01.json",
                        "proj": "BP_Bend",
                        "transform": [
                            0.6755728125572205,
                            0.11793011426925659,
                            -0.727800726890564,
                            -154.66151428222656,
                            0.11793011426925659,
                            0.95713210105896,
                            0.264557421207428,
                            56.219852447509766,
                            0.727800726890564,
                            -0.264557421207428,
                            0.6327049136161804,
                            134.45314025878906
                        ],
                        "op": "BO_Add",
                        "rotation": 2.566563184203119e-9,
                        "scale": [
                            1,
                            1,
                            1
                        ],
                        "height": 212.5052947998047,
                        "position": [
                            -154.6614990234375,
                            56.2198486328125,
                            134.45315551757812
                        ],
                        "weightHard": false,
                        "weightScale": [
                            1,
                            1,
                            1
                        ],
                        "mirrored": false,
                        "twinId": 0,
                        "flooded": false,
                        "pathable": false,
                        "mergeable": false,
                        "no_features": false,
                        "biomeColor": [
                            0,
                            0,
                            0,
                            1
                        ]
                    },
                    {
                        "weight": [
                            1,
                            1,
                            1,
                            1
                        ],
                        "spec": "/pa/terrain/desert/brushes/desert_plateau_01.json",
                        "proj": "BP_Bend",
                        "transform": [
                            0.691855251789093,
                            0.17769493162631989,
                            -0.6998291611671448,
                            -134.364013671875,
                            0.17769493162631989,
                            0.8975303173065186,
                            0.40356385707855225,
                            77.482421875,
                            0.6998291611671448,
                            -0.40356385707855225,
                            0.5893856287002563,
                            113.15935516357422
                        ],
                        "op": "BO_Add",
                        "rotation": 2.566563184203119e-9,
                        "scale": [
                            1,
                            1,
                            1
                        ],
                        "height": 191.9954376220703,
                        "position": [
                            -134.364013671875,
                            77.482421875,
                            113.15933227539062
                        ],
                        "weightHard": false,
                        "weightScale": [
                            1,
                            1,
                            1
                        ],
                        "mirrored": false,
                        "twinId": 0,
                        "flooded": false,
                        "pathable": false,
                        "mergeable": false,
                        "no_features": false,
                        "biomeColor": [
                            0,
                            0,
                            0,
                            1
                        ]
                    },
                    {
                        "weight": [
                            1,
                            1,
                            1,
                            1
                        ],
                        "spec": "/pa/terrain/desert/brushes/desert_pit_01.json",
                        "proj": "BP_Bend",
                        "transform": [
                            0.3851524591445923,
                            -0.07381590455770493,
                            -0.9198960661888123,
                            -221.840087890625,
                            -0.07381590455770493,
                            0.9911379814147949,
                            -0.11043869704008102,
                            -26.633150100708008,
                            0.9198960661888123,
                            0.11043869704008102,
                            0.3762904405593872,
                            90.74536895751953
                        ],
                        "op": "BO_Subtract",
                        "rotation": 0,
                        "scale": [
                            1,
                            1,
                            1
                        ],
                        "height": 241.15777587890625,
                        "position": [
                            -221.840087890625,
                            -26.633148193359375,
                            90.745361328125
                        ],
                        "weightHard": false,
                        "weightScale": [
                            1,
                            1,
                            1
                        ],
                        "mirrored": false,
                        "twinId": 0,
                        "flooded": false,
                        "pathable": true,
                        "mergeable": false,
                        "no_features": false,
                        "biomeColor": [
                            0,
                            0,
                            0,
                            1
                        ]
                    },
                    {
                        "weight": [
                            1,
                            1,
                            1,
                            1
                        ],
                        "spec": "/pa/terrain/lava/brushes/lava_plateau_04.json",
                        "proj": "BP_Bend",
                        "transform": [
                            0.12015736103057861,
                            -0.35799217224121094,
                            -0.9259610176086426,
                            -236.114501953125,
                            -0.35799217224121094,
                            0.8543394207954407,
                            -0.3767569065093994,
                            -96.07075500488281,
                            0.9259610176086426,
                            0.3767569065093994,
                            -0.025503158569335938,
                            -6.503152370452881
                        ],
                        "op": "BO_Add",
                        "rotation": 0,
                        "scale": [
                            1,
                            1,
                            1
                        ],
                        "height": 254.99400329589844,
                        "position": [
                            -236.114501953125,
                            -96.07075500488281,
                            -6.503173828125
                        ],
                        "weightHard": false,
                        "weightScale": [
                            1,
                            1,
                            1
                        ],
                        "mirrored": false,
                        "twinId": 0,
                        "flooded": false,
                        "pathable": false,
                        "mergeable": false,
                        "no_features": false,
                        "biomeColor": [
                            0,
                            0,
                            0,
                            1
                        ]
                    },
                    {
                        "weight": [
                            1,
                            1,
                            1,
                            1
                        ],
                        "spec": "/pa/terrain/lava/brushes/lava_plateau_04.json",
                        "proj": "BP_Bend",
                        "transform": [
                            -0.016005635261535645,
                            0.14588207006454468,
                            -0.9891725778579712,
                            -243.79530334472656,
                            0.14588207006454468,
                            0.9790536761283875,
                            0.142029270529747,
                            35.00508499145508,
                            0.9891725778579712,
                            -0.142029270529747,
                            -0.03695189952850342,
                            -9.107308387756348
                        ],
                        "op": "BO_Add",
                        "rotation": 0,
                        "scale": [
                            1,
                            1,
                            1
                        ],
                        "height": 246.4638671875,
                        "position": [
                            -243.7952880859375,
                            35.00508117675781,
                            -9.107315063476562
                        ],
                        "weightHard": false,
                        "weightScale": [
                            1,
                            1,
                            1
                        ],
                        "mirrored": false,
                        "twinId": 0,
                        "flooded": false,
                        "pathable": false,
                        "mergeable": false,
                        "no_features": false,
                        "biomeColor": [
                            0,
                            0,
                            0,
                            1
                        ]
                    },
                    {
                        "weight": [
                            1,
                            1,
                            1,
                            1
                        ],
                        "spec": "/pa/terrain/desert/brushes/desert_plateau_01.json",
                        "proj": "BP_Bend",
                        "transform": [
                            0.6474072933197021,
                            0.2248406857252121,
                            -0.7282241582870483,
                            -148.00511169433594,
                            0.2248406857252121,
                            0.8566240072250366,
                            0.4643726348876953,
                            94.37963104248047,
                            0.7282241582870483,
                            -0.4643726348876953,
                            0.504031240940094,
                            102.43988800048828
                        ],
                        "op": "BO_Add",
                        "rotation": 2.566563184203119e-9,
                        "scale": [
                            1,
                            1,
                            1
                        ],
                        "height": 203.24114990234375,
                        "position": [
                            -148.005126953125,
                            94.37964630126953,
                            102.43988037109375
                        ],
                        "weightHard": false,
                        "weightScale": [
                            1,
                            1,
                            1
                        ],
                        "mirrored": false,
                        "twinId": 0,
                        "flooded": false,
                        "pathable": false,
                        "mergeable": false,
                        "no_features": false,
                        "biomeColor": [
                            0,
                            0,
                            0,
                            1
                        ]
                    }
                ],
                "metal_spots": [
                    [
                        20.736125946044922,
                        210.31198120117188,
                        -16.290895462036133
                    ],
                    [
                        -15.478187561035156,
                        202.27069091796875,
                        24.29604721069336
                    ],
                    [
                        -80.68272399902344,
                        167.55377197265625,
